# Ix*Iy pre-smooth, floored ints
0 0 -1 0 -1 0 -1 0 -17 -1 -1 -1 0
1 0 1 -1 -1 -1 1 -1 1 5 -1 -1 1
-1 0 0 -1 0 0 0 44 -505 -146 -1 -1 -1
-2 0 0 -1 -1 -1 63 4022 -604 -5236 -85 0 -1
-1 -1 0 2 -2 56 3900 3864 -11 -5084 -5161 -658 -76
-23 -27 -20 47 64 -960 3868 65 0 -70 -530 -5311 -697
9 -24 -6 56 8 -1896 -220 -1 0 1 -1 -5 -73
0 0 0 -1 -1 14 69 0 0 1 -1 -55 27
-1 -1 0 -1 0 80 204 -2 0 0 -1 -5 -37
0 -2 0 -1 -1 -11 -97 -3 0 -1 -1 75 44
-1 0 -1 -1 -1 -617 -5533 72 3 -15 30 4466 506
0 0 -2 0 3 441 -1771 -13 0 -31 30 1144 140
0 0 0 2 38 547 7 0 0 -1 0 12 23
