# Smoothed Ix^2, floored ints
0 0 0 0 0 0 0 0 1 0 0 0 0
0 1 0 0 0 0 2 89 336 90 2 1 1
0 0 0 0 0 1 123 948 2176 1068 156 2 0
1 2 1 0 1 120 1020 3009 3924 3661 1617 777 152
73 85 82 91 94 577 2624 2867 1929 3842 4976 3815 767
368 432 421 458 439 641 1816 879 288 1360 3965 3706 776
377 452 481 504 426 356 362 83 3 154 734 732 155
75 91 100 103 84 59 12 0 0 0 0 0 0
0 0 0 0 0 0 2 0 0 0 0 0 0
0 0 0 0 1 115 574 760 766 769 751 546 108
0 0 0 1 11 577 2814 3802 3857 3873 3762 2738 546
0 0 0 1 34 617 2640 3783 3906 3926 3752 2746 552
0 0 0 2 51 295 562 755 783 787 748 549 111
