# Smoothed Ix*Iy, floored ints
0 -1 -1 -1 -1 -1 -1 -3 -8 -2 -1 -1 -1
0 0 0 -1 -1 -1 1 -10 -60 -29 -5 -1 0
-1 -1 -1 -1 -1 1 123 394 -337 -721 -172 -4 -1
-2 -1 -1 -1 0 120 1017 2258 -498 -3146 -1356 -228 -28
-5 -5 -2 6 -13 461 2694 2697 -242 -3461 -3298 -1501 -332
-14 -20 -7 32 -122 -94 2087 988 -36 -798 -1566 -2722 -935
-2 -15 -1 31 -219 -862 104 91 -1 -23 -211 -640 -256
0 -3 0 5 -47 -189 -20 6 0 0 -7 -26 -7
-1 -1 -1 -1 8 57 96 20 -1 -1 -1 -3 -9
-1 -2 -1 -1 -17 -223 -650 -152 1 -2 134 547 203
-1 -1 -1 -1 -57 -893 -2720 -636 6 -6 543 2189 775
-1 -1 -1 1 52 -160 -1355 -348 -4 -12 263 1040 372
0 -1 0 5 90 248 -121 -50 -2 -4 35 139 58
