# det(M) floored
0 -1 -1 -1 -1 -1 -1 -9 1 -4 -1 -1 -1
0 1 0 -1 -1 -1 1 1680 27312 9869 25 -1 0
-1 -1 -1 -1 -1 0 0 297908 671967 308927 1460 -12 -1
-3 -1 1 -1 2 120 -9 1960550 5053320 1689749 169578 50580 888
-25 -25 -4 55 11957 419871 598620 613308 2404769 976703 2483756 2466154 494939
-196 -400 -49 350 305586 2465424 4027087 254456 75024 346476 3090714 7481424 2147519
-4 -225 480 47 515211 1617948 2402276 102939 11 857 737189 3466340 753019
0 -9 100 -25 120515 396926 88004 -36 0 0 -49 -676 -49
-1 -1 -1 -1 -64 -3249 5662 -400 -1 -1 -1 -9 -81
-1 -4 -1 -1 1215 811506 3790086 1084216 -1 -4 763835 2560739 530543
-1 -1 -1 -1 9236 2480488 8520398 3884160 -36 -36 2635749 5952191 1570817
-1 -1 -1 15 11372 1045512 2430215 1070541 -16 -144 643711 1554560 400368
0 -1 0 101 10617 97206 106751 17130 -4 -16 18971 56441 11732
