# trace(M)^2 floored
0 0 0 0 0 0 0 169 4356 4225 169 0 0
1 4 1 0 0 0 9 11881 183184 43681 729 1 1
1 1 4 1 0 4 60516 2033476 6436369 3400336 126025 16 0
4 4 9 1 9 58081 4137156 28676025 27825625 46594276 8173881 826281 26569
5329 7225 6724 8464 49729 2798929 31561924 31561924 10278436 52041796 58690921 25522704 2421136
135424 186624 177241 212521 1366561 20259001 41370624 5193841 305809 4338889 28761769 59660176 21808900
142129 204304 232324 256036 3055504 48832144 49392784 2024929 49 26569 3236401 36324729 29550096
5625 8281 10201 10609 2387025 54641664 54449641 2169729 0 0 1175056 29604481 29953729
0 0 0 0 2325625 57638464 55368481 2178576 0 0 1172889 29669809 30360100
0 0 0 0 2265025 57820816 62615569 4915089 586756 591361 3211264 33454656 29181604
0 0 0 1 1313316 39162564 71757841 24304900 14876449 15000129 20620681 44382244 20457529
0 0 1 289 200704 5536609 18113536 16793604 15256836 15413476 15539364 13734436 2334784
0 0 0 4225 174724 693889 605284 609961 613089 619369 600625 471969 61009
