# Smoothed Iy^2, floored ints
0 0 0 0 0 0 0 13 65 65 13 0 0
1 1 1 0 0 0 1 20 92 119 25 0 0
1 1 2 1 0 1 123 478 361 776 199 2 0
1 0 2 1 2 121 1014 2346 1351 3165 1242 132 11
0 0 0 1 129 1096 2994 2751 1277 3372 2685 1237 789
0 0 0 3 730 3860 4616 1400 265 723 1398 4018 3894
0 0 1 2 1322 6632 6666 1340 4 9 1065 5295 5281
0 0 1 0 1461 7333 7367 1473 0 0 1084 5441 5473
0 0 0 0 1525 7592 7439 1476 0 0 1083 5447 5510
0 0 0 0 1504 7489 7339 1457 0 0 1041 5238 5294
0 0 0 0 1135 5681 5657 1128 0 0 779 3924 3977
0 0 1 16 414 1736 1616 315 0 0 190 960 976
0 0 0 63 367 538 216 26 0 0 27 138 136
